3e-05 3.020898525659894244e-31 1.053422586265343405e-35
3.029335188043414279e-05 2.849888014496074341e-31 1.013208224983913436e-35
3.058957227172674585e-05 2.688564036874447370e-31 9.745290452680154384e-36
3.088868922331297016e-05 2.536377698524031648e-31 9.373264416253780820e-36
3.119073105890638880e-05 2.392811217094924476e-31 9.015440458259657976e-36
3.149572637918123278e-05 2.257376158378419361e-31 8.671276414945540926e-36
3.180370406448028761e-05 2.129611772530929166e-31 8.340250819638009159e-36
3.211469327754982035e-05 2.009083424630681294e-31 8.021862112632103131e-36
3.242872346630097479e-05 1.895381114218601438e-31 7.715627881243703930e-36
3.274582436659823103e-05 1.788118078777599802e-31 7.421084128872785334e-36
3.306602600507514629e-05 1.686929476390757210e-31 7.137784571970183771e-36
3.338935870197749892e-05 1.591471143088813081e-31 6.865299963842697244e-36
3.371585307403465552e-05 1.501418420651773477e-31 6.603217444271536014e-36
3.404554003735828715e-05 1.416465050870072848e-31 6.351139913959759156e-36
3.437845081037010816e-05 1.336322132496505378e-31 6.108685432859457938e-36
3.471461691675791281e-05 1.260717137334572428e-31 5.875486641468139871e-36
3.505407018846062775e-05 1.189392982110006731e-31 5.651190204216987801e-36
3.539684276868238730e-05 1.122107152962565138e-31 5.435456274107859036e-36
3.574296711493652595e-05 1.058630879574364864e-31 5.227957977787460886e-36
3.609247600211859351e-05 9.987483561205657510e-32 5.028380920279261624e-36
3.644540252561010070e-05 9.422560063872834497e-32 4.836422708621813358e-36
3.680178010441231742e-05 8.889617905526423090e-32 4.651792493692367525e-36
3.716164248431074043e-05 8.386845512685984590e-32 4.474210529521312560e-36
3.752502374107052175e-05 7.912533968152089740e-32 4.303407749429756389e-36
3.789195828366306108e-05 7.465071192253710598e-32 4.139125358348101986e-36
3.826248085752453481e-05 7.042936453971860570e-32 3.981114440697639377e-36
3.863662654784552120e-05 6.644695193237247513e-32 3.829135583241605217e-36
3.901443078289357870e-05 6.268994136756969192e-32 3.682958512333523133e-36
3.939592933736788254e-05 5.914556690729172773e-32 3.542361745013786849e-36
3.978115833578678065e-05 5.580178594745960602e-32 3.407132253425532579e-36
4.017015425590847856e-05 5.264723822076030643e-32 3.277065142041451546e-36
4.056295393218505680e-05 4.967120712357929751e-32 3.151963337212474122e-36
4.095959455925070845e-05 4.686358323526637798e-32 3.031637288567801390e-36
4.136011369544323457e-05 4.421482990544483103e-32 2.915904681814199018e-36
4.176454926636082363e-05 4.171595079210178000e-32 2.804590162498963625e-36
4.217293956845318659e-05 3.935845923986712509e-32 2.697525070318307693e-36
4.258532327264787440e-05 3.713434939414573055e-32 2.594547183568510038e-36
4.300173942801200814e-05 3.503606895269001641e-32 2.495500473352653119e-36
4.342222746545020131e-05 3.305649346177452270e-32 2.400234867170387194e-36
4.384682720143781348e-05 3.118890206940860600e-32 2.308606021532872851e-36
4.427557884179155471e-05 2.942695465297272112e-32 2.220475103257912821e-36
4.470852298547652596e-05 2.776467024336271037e-32 2.135708579114259509e-36
4.514570062845058994e-05 2.619640667213645316e-32 2.054178013496203006e-36
4.558715316754633666e-05 2.471684137232612423e-32 1.975759873821920230e-36
4.603292240439085375e-05 2.332095326751311227e-32 1.900335343360768248e-36
4.648305054936440606e-05 2.200400568746621411e-32 1.827790141205799759e-36
4.693758022559676427e-05 2.076153025215003920e-32 1.758014349118970300e-36
4.739655447300365564e-05 1.958931166919920433e-32 1.690902244986373550e-36
4.786001675236213095e-05 1.848337339307703410e-32 1.626352142631397878e-36
4.832801094942594517e-05 1.743996409706723920e-32 1.564266237742982793e-36
4.880058137908112147e-05 1.645554491201919343e-32 1.504550459685565420e-36
4.927777278954209822e-05 1.552677738837960949e-32 1.447114328966186393e-36
4.975963036658936705e-05 1.465051214050665533e-32 1.391870820142721285e-36
5.024619973784757201e-05 1.382377813459146161e-32 1.338736229965710573e-36
5.073752697710645502e-05 1.304377258369802947e-32 1.287630050553736558e-36
5.123365860868350920e-05 1.230785141550759690e-32 1.238474847410401299e-36
5.173464161182943119e-05 1.161352028030167047e-32 1.191196142097979814e-36
5.224052342517662966e-05 1.095842606855862375e-32 1.145722299390001009e-36
5.275135195123114955e-05 1.034034890927612856e-32 1.101984418731786582e-36
5.326717556090902132e-05 9.757194621767997258e-33 1.059916229844436920e-36
5.378804309811594452e-05 9.206987595231756102e-33 1.019453992314208008e-36
5.431400388437275853e-05 8.687864071836409736e-33 9.805363990149907626e-37
5.484510772348567050e-05 8.198065810458666014e-33 9.431044832176567951e-37
5.538140490626223666e-05 7.735934109490311045e-33 9.071015292455031017e-37
5.592294621527332056e-05 7.299904168363557165e-33 8.724729865404283433e-37
5.646978292966222768e-05 6.888499768594293627e-33 8.391663870095935413e-37
5.702196682999968139e-05 6.500328256233516905e-33 8.071312655274350318e-37
5.757955020318744583e-05 6.134075808640907061e-33 7.763190834724482311e-37
5.814258584740932830e-05 5.788502969466178214e-33 7.466831551829810136e-37
5.871112707713067267e-05 5.462440436635480497e-33 7.181785772205678822e-37
5.928522772814679093e-05 5.154785089002714933e-33 6.907621603336355847e-37
5.986494216268058367e-05 4.864496238138461968e-33 6.643923640184943980e-37
6.045032527453067755e-05 4.590592092495690910e-33 6.390292335784351284e-37
6.104143249426862978e-05 4.332146421916099508e-33 6.146343395856463487e-37
6.163831979448818098e-05 4.088285411121156635e-33 5.911707196541160077e-37
6.224104369510530298e-05 3.858184691477698582e-33 5.686028224353768176e-37
6.284966126871003081e-05 3.641066540934024596e-33 5.468964537522071575e-37
6.346423014597084463e-05 3.436197242595248154e-33 5.260187247886757092e-37
6.408480852109154052e-05 3.242884592947426185e-33 5.059380022580330647e-37
6.471145515732232506e-05 3.060475551248918792e-33 4.866238604729184745e-37
6.534422939252330388e-05 2.888354022089347975e-33 4.680470352453323805e-37
6.598319114478383375e-05 2.725938763568430343e-33 4.501793795464272261e-37
6.662840091809605768e-05 2.572681413976262424e-33 4.329938208590080169e-37
6.727991980808415448e-05 2.428064630259336362e-33 4.164643201580950515e-37
6.793780950778945181e-05 2.291600331937454246e-33 4.005658324574026993e-37
6.860213231351217523e-05 2.162828044495779712e-33 3.852742688619552545e-37
6.927295113071083618e-05 2.041313336614885338e-33 3.705664600693290259e-37
6.995032947995801203e-05 1.926646345921645452e-33 3.564201212642642602e-37
7.063433150295577074e-05 1.818440388244321391e-33 3.428138183533909757e-37
7.132502196860910043e-05 1.716330645640472985e-33 3.297269354889610604e-37
7.202246627915901062e-05 1.619972928733940741e-33 3.171396438323538481e-37
7.272673047637535958e-05 1.529042509150340159e-33 3.050328715100397637e-37
7.343788124781106094e-05 1.443233018079019937e-33 2.933882747164577913e-37
7.415598593311584024e-05 1.362255407214982791e-33 2.821882099200680565e-37
7.488111253041339007e-05 1.285836968545870534e-33 2.714157071304081833e-37
7.561332970273994540e-05 1.213720409650248051e-33 2.610544441856948239e-37
7.635270678454609487e-05 1.145662981361861298e-33 2.510887220219905952e-37
7.709931378826218062e-05 1.081435654832985682e-33 2.415034408864688124e-37
7.785322141092761183e-05 1.020822345198149037e-33 2.322840774587398417e-37
7.861450104088596219e-05 9.636191791979851211e-34 2.234166628455584079e-37
7.938322476454377785e-05 9.096338042729209202e-34 2.148877614156028993e-37
8.015946537319725636e-05 8.586847367770517350e-34 2.066844504422148655e-37
8.094329636992465544e-05 8.106007470962032848e-34 1.987943005232875354e-37
8.173479197654647790e-05 7.652202795794528429e-34 1.912053567486213839e-37
8.253402714065355471e-05 7.223909053119871677e-34 1.839061205862154452e-37
8.334107754270378518e-05 6.819688058689164041e-34 1.768855324600501717e-37
8.415601960318907929e-05 6.438182862950200036e-34 1.701329549929547370e-37
8.497893048987065884e-05 6.078113156550702084e-34 1.636381568891929716e-37
8.580988812508681055e-05 5.738270935928282441e-34 1.573912974323157046e-37
8.664897119313136971e-05 5.417516414256635560e-34 1.513829115748138070e-37
8.749625914770428972e-05 5.114774163850217298e-34 1.456038955969719984e-37
8.835183221943532759e-05 4.829029476917603551e-34 1.400454933131958659e-37
8.921577142348088591e-05 4.559324932296883787e-34 1.346992828049122438e-37
9.008815856719620688e-05 4.304757156506402219e-34 1.295571636599351614e-37
9.096907625788070936e-05 4.064473768106641552e-34 1.246113446989789484e-37
9.185860791060088701e-05 3.837670494990643318e-34 1.198543321707018378e-37
9.275683775608876177e-05 3.623588454810223901e-34 1.152789183974070352e-37
9.366385084871783071e-05 3.421511589299383440e-34 1.108781708541932456e-37
9.457973307455675013e-05 3.230764243779779245e-34 1.066454216650090959e-37
9.550457115950272214e-05 3.050708883626860011e-34 1.025742574996910446e-37
9.643845267749257780e-05 2.880743939941668227e-34 9.865850985668980122e-38
9.738146605879592090e-05 2.720301777111398869e-34 9.489224571674464363e-38
9.833370059838859748e-05 2.568846775357678221e-34 9.126975855335778202e-38
9.929524646440806332e-05 2.425873521761656687e-34 8.778555968644285773e-38
1.002661947066914490e-04 2.290905103624123800e-34 8.443436996604680219e-38
1.012466372653975284e-04 2.163491498366710758e-34 8.121111177354556943e-38
1.022366669797119816e-04 2.043208054508662769e-34 7.811090132819516644e-38
1.032363775966391899e-04 1.929654058562828326e-34 7.512904128737707400e-38
1.042458637798785993e-04 1.822451382987169650e-34 7.226101362933203277e-38
1.052652211187888497e-04 1.721243210603099874e-34 6.950247280759300557e-38
1.062945461374392231e-04 1.625692831152144733e-34 6.684923916674816856e-38
1.073339363037494547e-04 1.535482505907567781e-34 6.429729260955699141e-38
1.083834900387195321e-04 1.450312396488732659e-34 6.184276650582272984e-38
1.094433067257484944e-04 1.369899554244468229e-34 5.948194183379627277e-38
1.105134867200460795e-04 1.293976966777023995e-34 5.721124154522782583e-38
1.115941313581346721e-04 1.222292658372970132e-34 5.502722514553599995e-38
1.126853429674454145e-04 1.154608841289974725e-34 5.292658348087653492e-38
1.137872248760074637e-04 1.090701115021572718e-34 5.090613372421526916e-38
1.148998814222327263e-04 1.030357710824797687e-34 4.896281455280700941e-38
1.160234179647950817e-04 9.733787789494705653e-35 4.709368150977512266e-38
1.171579408926072243e-04 9.195757161527786272e-35 4.529590254276155000e-38
1.183035576348951236e-04 8.687705312197718323e-35 4.356675371288850431e-38
1.194603766713699149e-04 8.207952463394607937e-35 4.190361506753174537e-38
1.206285075425004568e-04 7.754913323078115025e-35 4.030396667064898624e-38
1.218080608598855007e-04 7.327091756439988608e-35 3.876538478465172514e-38
1.229991483167282491e-04 6.923075758144461475e-35 3.728553819803214037e-38
1.242018826984118670e-04 6.541532708615966033e-35 3.586218469318512329e-38
1.254163778931796864e-04 6.181204898305514187e-35 3.449316764906912972e-38
1.266427489029197382e-04 5.840905304778706401e-35 3.317641277356058460e-38
1.278811118540537064e-04 5.519513608325805045e-35 3.190992496055164996e-38
1.291315840085335029e-04 5.215972432603134933e-35 3.069178526702682939e-38
1.303942837749447442e-04 4.929283797579823533e-35 2.952014800554045380e-38
1.316693307197194622e-04 4.658505772783365283e-35 2.839323794768764913e-38
1.329568455784570994e-04 4.402749319518053546e-35 2.730934763433449480e-38
1.342569502673581253e-04 4.161175311370010423e-35 2.626683478852784682e-38
1.355697678947675100e-04 3.932991722919074615e-35 2.526411982716907883e-38
1.368954227728324451e-04 3.717450977146768540e-35 2.429968346767843959e-38
1.382340404292736356e-04 3.513847442568794636e-35 2.337206442602529063e-38
1.395857476192713267e-04 3.321515071627911582e-35 2.247985720263606517e-38
1.409506723374685875e-04 3.139825172361841366e-35 2.162170995282453237e-38
1.423289438300901432e-04 2.968184305813327748e-35 2.079632243851940744e-38
1.437206926071821775e-04 2.806032302074745258e-35 2.000244405818317132e-38
1.451260504549692560e-04 2.652840388263047002e-35 1.923887195194015320e-38
1.465451504483340349e-04 2.508109422098981237e-35 1.850444917904022065e-38
1.479781269634179405e-04 2.371368225123302629e-35 1.779806296489816837e-38
1.494251156903459072e-04 2.242172009919787558e-35 1.711864301505204625e-38
1.508862536460742556e-04 2.120100896033728774e-35 1.646515989348653210e-38
1.523616791873653390e-04 2.004758509574676549e-35 1.583662346286330346e-38
1.538515320238891784e-04 1.895770661775945147e-35 1.523208138429542603e-38
1.553559532314518403e-04 1.792784102050855520e-35 1.465061767439351986e-38
1.568750852653546233e-04 1.695465341337556291e-35 1.409135131739578433e-38
1.584090719738829971e-04 1.603499541762782108e-35 1.355343493028051468e-38
1.599580586119284640e-04 1.516589468878974578e-35 1.303605347883731038e-38
1.615221918547418538e-04 1.434454502941404799e-35 1.253842304275299045e-38
1.631016198118227388e-04 1.356829705891332460e-35 1.205978962783961546e-38
1.646964920409444300e-04 1.283464940900091408e-35 1.159942802360580867e-38
1.663069595623149581e-04 1.214124041506737880e-35 1.115664070444062050e-38
1.679331748728778899e-04 1.148584027549498151e-35 1.073075677274414859e-38
1.695752919607521124e-04 1.086634365249822107e-35 1.032113094240446515e-38
1.712334663198138911e-04 1.028076268956893457e-35 9.927142561079936233e-39
1.729078549644194412e-04 9.727220422015982630e-36 9.548194669806350378e-39
1.745986164442742724e-04 9.203944558415092357e-36 9.183713098502911891e-39
1.763059108594451066e-04 8.709261612042210157e-36 8.833145596007870694e-39
1.780298998755207914e-04 8.241591362542786624e-36 8.495960993324469991e-39
1.797707467389202595e-04 7.799441629208215066e-36 8.171648398810293893e-39
1.815286162923504054e-04 7.381403338281798120e-36 7.859716424090108033e-39
1.833036749904159675e-04 6.986145867710187781e-36 7.559692439519295791e-39
1.850960909153799518e-04 6.612412653694232248e-36 7.271121858070393207e-39
1.869060337930810475e-04 6.259017044275049736e-36 6.993567446556601312e-39
1.887336750090039164e-04 5.924838386027899110e-36 6.726608663149887212e-39
1.905791876245084245e-04 5.608818330720825601e-36 6.469841020188979307e-39
1.924427463932168437e-04 5.309957349538907576e-36 6.222875471312198052e-39
1.943245277775621372e-04 5.027311443174568661e-36 5.985337821986452676e-39
1.962247099654961934e-04 4.759989036745817818e-36 5.756868162539427031e-39
1.981434728873633449e-04 4.507148049126539047e-36 5.537120322835524993e-39
2.000809982329385789e-04 4.267993126862242869e-36 5.325761347769595197e-39
2.020374694686309256e-04 4.041773033399130061e-36 5.122470992783803756e-39
2.040130718548567948e-04 3.827778184877295978e-36 4.926941238642945399e-39
2.060079924635820959e-04 3.625338324233695365e-36 4.738875824733294312e-39
2.080224201960371804e-04 3.433820325825693602e-36 4.557989800177643855e-39
2.100565458006024909e-04 3.252626123226352280e-36 4.384009092086729578e-39
2.121105618908726705e-04 3.081190753256399804e-36 4.216670090292328909e-39
2.141846629638935755e-04 2.918980509710481853e-36 4.055719247933462756e-39
2.162790454185805386e-04 2.765491200603082367e-36 3.900912697289971988e-39
2.183939075743151744e-04 2.620246503109036861e-36 3.752015880281761377e-39
2.205294496897243842e-04 2.482796410701451961e-36 3.608803193073670233e-39
2.226858739816438650e-04 2.352715767300213192e-36 3.471057644247502906e-39
2.248633846442647409e-04 2.229602883536996244e-36 3.338570526023459735e-39
2.270621878684706875e-04 2.113078230518151433e-36 3.211141098032486738e-39
2.292824918613608088e-04 2.002783206728064067e-36 3.088576283160783756e-39
2.315245068659659347e-04 1.898378973960545977e-36 2.970690375005310164e-39
2.337884451811561993e-04 1.799545358398190640e-36 2.857304756497236296e-39
2.360745211817449950e-04 1.705979813178061722e-36 2.748247629266845043e-39
2.383829513387867281e-04 1.617396438988737993e-36 2.643353753340063839e-39
2.407139542400755041e-04 1.533525059438102373e-36 2.542464196771938781e-39
2.430677506108442276e-04 1.454110348115320977e-36 2.445426094837857271e-39
2.454445633346637374e-04 1.378911004443789959e-36 2.352092418417726280e-39
2.478446174745489706e-04 1.307698975585111377e-36 2.262321751221980262e-39
2.502681402942699587e-04 1.240258721808864221e-36 2.175978075522009238e-39
2.527153612798725365e-04 1.176386522888272873e-36 2.092930566060307256e-39
2.551865121614072169e-04 1.115889823219527967e-36 2.013053391828143915e-39
2.576818269348728468e-04 1.058586613491862256e-36 1.936225525410294434e-39
2.602015418843743925e-04 1.004304846858086965e-36 1.862330559608051269e-39
2.627458956044957769e-04 9.528818876706072124e-37 1.791256531062678608e-39
2.653151290228934062e-04 9.041639909567932746e-37 1.722895750611992819e-39
2.679094854231094634e-04 8.580058109104439834e-37 1.657144640123092247e-39
2.705292104676097417e-04 8.142699367729968376e-37 1.593903575553958319e-39
2.731745522210439546e-04 7.728264545696931265e-37 1.533076736006250586e-39
2.758457611737370903e-04 7.335525332521246557e-37 1.474571958540407283e-39
2.785430902654070936e-04 6.963320338802241748e-37 1.418300598533255153e-39
2.812667949091167885e-04 6.610551405534757974e-37 1.364177395366410817e-39
2.840171330154591224e-04 6.276180118737754684e-37 1.312120343242047944e-39
2.867943650169787117e-04 5.959224517907603154e-37 1.262050566930251213e-39
2.895987538928334834e-04 5.658755987450271965e-37 1.213892202259712134e-39
2.924305651936946250e-04 5.373896320856547491e-37 1.167572281170711381e-39
2.952900670668941662e-04 5.103814947958483861e-37 1.123020621156154853e-39
2.981775302818139581e-04 4.847726316149570337e-37 1.080169718923241744e-39
3.010932282555264577e-04 4.604887416961638878e-37 1.038954648114557479e-39
3.040374370786845006e-04 4.374595449876062608e-37 9.993129609336724667e-40
3.070104355416643964e-04 4.156185615702240897e-37 9.611845935261876649e-40
3.100125051609659813e-04 3.949029032286771210e-37 9.245117749728325830e-40
3.130439302058678360e-04 3.752530765723311860e-37 8.892389397567833441e-40
3.161049977253472675e-04 3.566127970615534296e-37 8.553126435724909591e-40
3.191959975752591428e-04 3.389288133308375101e-37 8.226814823485558206e-40
3.223172224457841479e-04 3.221507412343026215e-37 7.912960143618547480e-40
3.254689678891433801e-04 3.062309070714006081e-37 7.611086853249843516e-40
3.286515323475842627e-04 2.911241994810328566e-37 7.320737563334837607e-40
3.318652171816413045e-04 2.767879295209517724e-37 7.041472345636585050e-40
3.351103266986718674e-04 2.631816984764363488e-37 6.772868066160225336e-40
3.383871681816701940e-04 2.502672729677483438e-37 6.514517744033593839e-40
3.416960519183659850e-04 2.380084669499875114e-37 6.266029934862306022e-40
3.450372912306050310e-04 2.263710302217567922e-37 6.027028137625425642e-40
3.484112025040178627e-04 2.153225430804868672e-37 5.797150224212826068e-40
3.518181052179802145e-04 2.048323167825575969e-37 5.576047890739796873e-40
3.552583219758621022e-04 1.948712994855021431e-37 5.363386129808016412e-40
3.587321785355785265e-04 1.854119873675840192e-37 5.158842722912545517e-40
3.622400038404333437e-04 1.764283406371486298e-37 4.962107752226481151e-40
3.657821300502686114e-04 1.678957041601683411e-37 4.772883131023044396e-40
3.693588925729168596e-04 1.597907324496286580e-37 4.590882152023808692e-40
3.729706300959609506e-04 1.520913187747052194e-37 4.415829052988777587e-40
3.766176846188060254e-04 1.447765281612107069e-37 4.247458598889914500e-40
3.803004014850614790e-04 1.378265340675686689e-37 4.085515680035389364e-40
3.840191294152447261e-04 1.312225585325862159e-37 3.929754925535154571e-40
3.877742205397993855e-04 1.249468156027151534e-37 3.779940331522717209e-40
3.915660304324403520e-04 1.189824578571773980e-37 3.635844903569330229e-40
3.953949181438231523e-04 1.133135258594999320e-37 3.497250312749103038e-40
3.992612462355424113e-04 1.079249003735471356e-37 3.363946564833792615e-40
4.031653808144643604e-04 1.028022571911699834e-37 3.235731682116050636e-40
4.071076915673931722e-04 9.793202442711875767e-38 3.112411397379083986e-40
4.110885517960762708e-04 9.330134214490240890e-38 2.993798859549025864e-40
4.151083384525537136e-04 8.889802418487061393e-38 2.879714350583957852e-40
4.191674321748518612e-04 8.471052207296926342e-38 2.769985013170710982e-40
4.232662173230260531e-04 8.072789089537948979e-38 2.664444588816860189e-40
4.274050820155577074e-04 7.693975703063788990e-38 2.562933165940963996e-40
4.315844181661028663e-04 7.333628763687389369e-38 2.465296937579572809e-40
4.358046215206060623e-04 6.990816179747512583e-38 2.371387968343619342e-40
4.400660916947712127e-04 6.664654323388830532e-38 2.281063970271374084e-40
4.443692322119032032e-04 6.354305449931343819e-38 2.194188087238110809e-40
4.487144505411176112e-04 6.058975257185607752e-38 2.110628687595955098e-40
4.531021581359239922e-04 5.777910577021485626e-38 2.030259164729711030e-40
4.575327704731885279e-04 5.510397191925186592e-38 1.952957745226415568e-40
4.620067070924729468e-04 5.255757769682935002e-38 1.878607304368103082e-40
4.665243916357648957e-04 5.013349909708965920e-38 1.807095188668001465e-40
4.710862518875895714e-04 4.782564294896382447e-38 1.738313045181524665e-40
4.756927198155192545e-04 4.562822943207123233e-38 1.672156657333219339e-40
4.803442316110761914e-04 4.353577553538658718e-38 1.608525787011055187e-40
4.850412277310356011e-04 4.154307940706905705e-38 1.547324022688759746e-40
4.897841529391348250e-04 3.964520554670456152e-38 1.488458633346035874e-40
4.945734563481854733e-04 3.783747079391218040e-38 1.431840427965443713e-40
4.994095914626037495e-04 3.611543106980379116e-38 1.377383620392897355e-40
5.042930162213502768e-04 3.447486883020018132e-38 1.325005699357179379e-40
5.092241930412946078e-04 3.291178119176762326e-38 1.274627303451409258e-40
5.142035888610019213e-04 3.142236869438878827e-38 1.226172100887101922e-40
5.192316751849464619e-04 3.000302466510431425e-38 1.179566673838626300e-40
5.243089281281614793e-04 2.865032515087137589e-38 1.134740407202768466e-40
5.294358284613214383e-04 2.736102005841443531e-38 1.091625408304867911e-40
5.346128616562658255e-04 2.613224665074478636e-38 1.050165347163389274e-40
5.398405179319704051e-04 2.496085480083126241e-38 1.010288714625037797e-40
5.451192923009663596e-04 2.384403466286293534e-38 9.719340031836522429e-41
5.504496846162128428e-04 2.277914418961978111e-38 9.350431276796389232e-41
5.558321996184308620e-04 2.176367388103291268e-38 8.995602198132326315e-41
5.612673469838938252e-04 2.079523992729846734e-38 8.654315435365600028e-41
5.667556413726938368e-04 1.987157771564777426e-38 8.326054136747537648e-41
5.722976024774714893e-04 1.899053568111628876e-38 8.010321176530063884e-41
5.778937550726285588e-04 1.815006948272644569e-38 7.706638402109266814e-41
5.835446290640184004e-04 1.734823648752132963e-38 7.414545909902412012e-41
5.892507595391233664e-04 1.658319054584710117e-38 7.133601348861596041e-41
5.950126868177247784e-04 1.585317704219014081e-38 6.863379250569115727e-41
6.008309565030623073e-04 1.515652820673570580e-38 6.603470384900562748e-41
6.067061195335026044e-04 1.449165867362219809e-38 6.353481140279026664e-41
6.126387322347041703e-04 1.385706127263581663e-38 6.113032927582721193e-41
6.186293563722986303e-04 1.325130304180995420e-38 5.881761606802608358e-41
6.246785592050842955e-04 1.267302144908081620e-38 5.659316935582161152e-41
6.307869135387401396e-04 1.212092081179485959e-38 5.445362038803980871e-41
6.369549977800677840e-04 1.159376890347499522e-38 5.239572898419863439e-41
6.431833959917571510e-04 1.109039373782948538e-38 5.041637862752110201e-41
6.494726979476969295e-04 1.060968052053120875e-38 4.851257174522398301e-41
6.558234991888164077e-04 1.015056875981190758e-38 4.668142516894011992e-41
6.622364010794807914e-04 9.712049527400572091e-39 4.492016576839489889e-41
6.687120108644339358e-04 9.293162861796577770e-39 4.322612625172742090e-41
6.752509417262988990e-04 8.892995306301916185e-39 4.159674112609513798e-41
6.818538128436424980e-04 8.510677574647434935e-39 4.002954281244424690e-41
6.885212494496046253e-04 8.145382337436873837e-39 3.852215790856337022e-41
6.952538828911012173e-04 7.796322122998256515e-39 3.707230359476011859e-41
7.020523506886091128e-04 7.462747326579400184e-39 3.567778417671691140e-41
7.089172965965325878e-04 7.143944322152039807e-39 3.433648776029163986e-41
7.158493706641609958e-04 6.839233671398368810e-39 3.304638305322672349e-41
7.228492292972249966e-04 6.547968424746565394e-39 3.180551628892251540e-41
7.299175353200476873e-04 6.269532509599231625e-39 3.061200826761853291e-41
7.370549580383137277e-04 6.003339201158677090e-39 2.946405151049797762e-41
7.442621733024417166e-04 5.748829671502225343e-39 2.835990752240970033e-41
7.515398635715837784e-04 5.505471612792590229e-39 2.729790415905900075e-41
7.588887179782482411e-04 5.272757930730604054e-39 2.627643309468184568e-41
7.663094323935529945e-04 5.050205504565878424e-39 2.529394738636717111e-41
7.738027094931216720e-04 4.837354010178577132e-39 2.434895913133789696e-41
7.813692588236152833e-04 4.633764802932544707e-39 2.344003721364449297e-41
7.890097968699262944e-04 4.439019857175903536e-39 2.256580513685611840e-41
7.967250471230178082e-04 4.252720759433207536e-39 2.172493893946997754e-41
8.045157401484347333e-04 4.074487752490015372e-39 2.091616518987950691e-41
8.123826136554814122e-04 3.903958827721008276e-39 2.013825905786633720e-41
8.203264125670748155e-04 3.740788863153401152e-39 1.939004245969537270e-41
8.283478890902859883e-04 3.584648804890967277e-39 1.867038227400261601e-41
8.364478027875610735e-04 3.435224889650852127e-39 1.797818862577641308e-41
8.446269206486520546e-04 3.292217906283746311e-39 1.731241323582999326e-41
8.528860171632377018e-04 3.155342494262237846e-39 1.667204783326901038e-41
8.612258743942647525e-04 3.024326477227905929e-39 1.605612262854735176e-41
8.696472820520009805e-04 2.898910229789568543e-39 1.546370484480023467e-41
8.781510375688129444e-04 2.778846075860431309e-39 1.489389730522996923e-41
8.867379461746785008e-04 2.663897716912299886e-39 1.434583707440490556e-41
8.954088209734332136e-04 2.553839688610884419e-39 1.381869415141433848e-41
9.041644830197619357e-04 2.448456844376952313e-39 1.331167021290016820e-41
9.130057613969486813e-04 2.347543864494738055e-39 1.282399740406120260e-41
9.219334932953816451e-04 2.250904789461759622e-39 1.235493717579996741e-41
9.309485240918275719e-04 2.158352576342529879e-39 1.190377916625042649e-41
9.400517074294847996e-04 2.069708676953697246e-39 1.146984012499295799e-41
9.492439052988090129e-04 1.984802636769711259e-39 1.105246287832768688e-41
9.585259881191438014e-04 1.903471713495916635e-39 1.065101533403830124e-41
9.678988348211348776e-04 1.825560514311540502e-39 1.026488952414041011e-41
9.773633329299609169e-04 1.750920650836583065e-39 9.893500684163508400e-42
9.869203786493734292e-04 1.679410410926382687e-39 9.536286367573095500e-42
9.965708769465576964e-04 1.610894446444064005e-39 9.192705593991402400e-42
1.006315741637829738e-03 1.545243476205305557e-39 8.862238029926664400e-42
1.016155895475159658e-03 1.482334003331868099e-39 8.544383200770872862e-42
1.026092270233555084e-03 1.422048046289629620e-39 8.238659732871628018e-42
1.036125806799286387e-03 1.364288384329261988e-39 7.944694894250436951e-42
1.046257455258983162e-03 1.308939847741912886e-39 7.662001074337513119e-42
1.056488174989598074e-03 1.255889542561501998e-39 7.390092027417347183e-42
1.066818934749251069e-03 1.205039230204927354e-39 7.128556336805977288e-42
1.077250712768965460e-03 1.156295018177872822e-39 6.876998280511794995e-42
1.087784496845290447e-03 1.109567160362904161e-39 6.635037232515783454e-42
1.098421284433845650e-03 1.064769866848596431e-39 6.402307086891288533e-42
1.109162082743763789e-03 1.021821122826879466e-39 6.178455703892806515e-42
1.120007908833067735e-03 9.806425161097565552e-40 5.963144377175095566e-42
1.130959789704976933e-03 9.411590728396696312e-40 5.756047321336840373e-42
1.142018762405154052e-03 9.032991009894541831e-40 5.556851179013489183e-42
1.153185874119906380e-03 8.669940412684336552e-40 5.365254546773412025e-42
1.164462182275344780e-03 8.321783250707263462e-40 5.180967519100181594e-42
1.175848754637508252e-03 7.987892391203610274e-40 5.003711249771046305e-42
1.187346669413476405e-03 7.667667964852380086e-40 4.833217529967761747e-42
1.198957015353464654e-03 7.360536136487236542e-40 4.669228382481715378e-42
1.210680891853917760e-03 7.065947933432902950e-40 4.511495671399266147e-42
1.222519409061618382e-03 6.783378128656083042e-40 4.359780726676722670e-42
1.234473687978798534e-03 6.512324176066551426e-40 4.213853983037153328e-42
1.246544860569299886e-03 6.252305195437354155e-40 4.073494632642316093e-42
1.258734069865749972e-03 6.002861004541739670e-40 3.938490291014668343e-42
1.271042470077804161e-03 5.763551196223414611e-40 3.808636675703553092e-42
1.283471226701436273e-03 5.533954258232350657e-40 3.683737297209752113e-42
1.296021516629300603e-03 5.313666733766198385e-40 3.563603161700530126e-42
1.308694528262177277e-03 5.102302420760294305e-40 3.448052485065513508e-42
1.321491461621494660e-03 4.899491608067130854e-40 3.336910417880805771e-42
1.334413528462971739e-03 4.704880346758006896e-40 3.230008780865002459e-42
1.347461952391350347e-03 4.518129754868410928e-40 3.127185810427199871e-42
1.360637968976265372e-03 4.338915353990741655e-40 3.028285913921658001e-42
1.373942825869240792e-03 4.166926436198036880e-40 2.933159434239072384e-42
1.387377782921830199e-03 4.001865459856780748e-40 2.841662423378185984e-42
1.400944112304917206e-03 3.843447472958051255e-40 2.753656424655150508e-42
1.414643098629176157e-03 3.691399562664046642e-40 2.669008263221171426e-42
1.428476039066710725e-03 3.545460329830855757e-40 2.587589844571491684e-42
1.442444243473887944e-03 3.405379387329118625e-40 2.509277960740790906e-42
1.456549034515369637e-03 3.270916881042206502e-40 2.433954103891848866e-42
1.470791747789354899e-03 3.141843032476174856e-40 2.361504287015425554e-42
1.485173731954055098e-03 3.017937701967677174e-40 2.291818871470036120e-42
1.499696348855390120e-03 2.898989971525809062e-40 2.224792401100790120e-42
1.514360973655954441e-03 2.784797746390106319e-40 2.160323442686161670e-42
1.529168994965222211e-03 2.675167449418536194e-40 2.098314491288260146e-42
1.544121814971042769e-03 2.569980266946132659e-40 2.038724666201423353e-42
1.559220849572413555e-03 2.468989703581205414e-40 1.981410460912233198e-42
1.574467528513550816e-03 2.372021920907473014e-40 1.926282312482759479e-42
1.589863295519281742e-03 2.278913873539950559e-40 1.873256885123991319e-42
1.605409608431739585e-03 2.189509278695348722e-40 1.822254019935555724e-42
1.621107939348422067e-03 2.103658327432679310e-40 1.773196613797787201e-42
1.636959774761574020e-03 2.021217408655364906e-40 1.726010502880699757e-42
1.652966615698951963e-03 1.942048845288731015e-40 1.680624350593708020e-42
1.669129977865956276e-03 1.866020642075220830e-40 1.636969539806924185e-42
1.685451391789152906e-03 1.793006244455968935e-40 1.594980069181125338e-42
1.701932402961208639e-03 1.722884308032698001e-40 1.554592453449767929e-42
1.718574571987221966e-03 1.655538478128070027e-40 1.515745627502458875e-42
1.735379474732513068e-03 1.590857178985097034e-40 1.478380854124834184e-42
1.752348702471832149e-03 1.528733412168385631e-40 1.442441635255613643e-42
1.769483862040046197e-03 1.469064563750213214e-40 1.407873626626614225e-42
1.786786575984289404e-03 1.411752219884352474e-40 1.374624555656848714e-42
1.804258482717602642e-03 1.356701990389083563e-40 1.342644142476624738e-42
1.821901236674082145e-03 1.303823339978637978e-40 1.311884023962302832e-42
1.839716508465535656e-03 1.253029426799231806e-40 1.282297680667003743e-42
1.857705985039671652e-03 1.204236947941883541e-40 1.253840366536806823e-42
1.875871369839842437e-03 1.157365991619483356e-40 1.226469041306277795e-42
1.894214382966344801e-03 1.112339895710202052e-40 1.200142305471181766e-42
1.912736761339294510e-03 1.069085112383130810e-40 1.174820337740147774e-42
1.931440258863106928e-03 1.027531078535165818e-40 1.150464834870749531e-42
1.950326646592560800e-03 9.876100917808568631e-41 1.127038953799161536e-42
1.969397712900518033e-03 9.492571917486269806e-41 1.104507255975881247e-42
1.988655263647252664e-03 9.124100464484234692e-41 1.082835653823500008e-42
2.008101122351457941e-03 8.770088434864134874e-41 1.061991359235553376e-42
2.027737130362914416e-03 8.429961859128342439e-41 1.041942834038690748e-42
2.047565147036847864e-03 8.103432958760932103e-41 1.022692938494036582e-42
2.067587049910002417e-03 7.789720501211399934e-41 1.004182062817797251e-42
2.087804734878412425e-03 7.488285190967115170e-41 9.863780992651049590e-43
2.108220116376941129e-03 7.198641391575867815e-41 9.692541241928651129e-43
2.128835127560548858e-03 6.920322972767139997e-41 9.527842393857406013e-43
2.149651720487352757e-03 6.652882510550382072e-41 9.369435330011747785e-43
2.170671866303467215e-03 6.395890521001012160e-41 9.217080420018955182e-43
2.191897555429651000e-03 6.148934726268717839e-41 9.070547160192289586e-43
2.213330797749793206e-03 5.911619351408493320e-41 8.929613825927229472e-43
2.234973622801213720e-03 5.683564450698757738e-41 8.794067137336986845e-43
2.256828079966860610e-03 5.464405262169564693e-41 8.663701937622477154e-43
2.278896238669354986e-03 5.253791589122810203e-41 8.538320883692342380e-43
2.301180188566952309e-03 5.051387207479555967e-41 8.417734148565996458e-43
2.323682039751414925e-03 4.856869297842518347e-41 8.301759135111145277e-43
2.346403922947815773e-03 4.669927901211114959e-41 8.190220200684117062e-43
2.369347989716305385e-03 4.490265397333629028e-41 8.082948392257556638e-43
2.392516412655842136e-03 4.317596004726650791e-41 7.979781191636294567e-43
2.415911385609912677e-03 4.151645301434570078e-41 7.880562270377033831e-43
2.439535123874275908e-03 3.992149765643071910e-41 7.785141254042216927e-43
2.463389864406730079e-03 3.838856335300040075e-41 7.693373495432751730e-43
2.487477866038930764e-03 3.691521985934297090e-41 7.605119856457431854e-43
2.511801409690290511e-03 3.549913325898440039e-41 7.520246498310183169e-43
2.536362798583946272e-03 3.413847169723979847e-41 7.438713933881373107e-43
2.561164358464871824e-03 3.283173843214440084e-41 7.360553125740882340e-43
2.586208437820090075e-03 3.157568673212881890e-41 7.285394092515165878e-43
2.611497408101061575e-03 3.036833736913233510e-41 7.213122642101572411e-43
2.637033663948237967e-03 2.920778922629376020e-41 7.143628926588922190e-43
2.662819623417812896e-03 2.809221616837785415e-41 7.076807276992145923e-43
2.688857728210696831e-03 2.701986404017083886e-41 7.012556044274095149e-43
2.715150443903708872e-03 2.598904778747412147e-41 6.950777446415373905e-43
2.741700260183066191e-03 2.499814869555448184e-41 6.891377421301988332e-43
2.768509691080114302e-03 2.404561174013726201e-41 6.834265485209660379e-43
2.795581275209396612e-03 2.312994304623516190e-41 6.779354596671724006e-43
2.822917576009034181e-03 2.224970745031281449e-41 6.726561025525908295e-43
2.850521181983458208e-03 2.140352616147915470e-41 6.675804226942923671e-43
2.878394706948530363e-03 2.059007451758438232e-41 6.627006720247390411e-43
2.906540790279027106e-03 1.980807983227758671e-41 6.580093972348765706e-43
2.934962097158589061e-03 1.905631932924582174e-41 6.534994285606828454e-43
2.963661318832068198e-03 1.833361816002285942e-41 6.491638689963159916e-43
2.992641172860377799e-03 1.763884750190413872e-41 6.449960839176196531e-43
3.021904403377814394e-03 1.697092273265683986e-41 6.409896911003790855e-43
3.051453781351916306e-03 1.632945157309485780e-41 6.371639095423153075e-43
3.081292104845830600e-03 1.571296354113713457e-41 6.334964514207166356e-43
3.111422199283272582e-03 1.512025194709366319e-41 6.299722792788987413e-43
3.141846917716080868e-03 1.455039584582511818e-41 6.265859503780266939e-43
3.172569141094353732e-03 1.400251022006229036e-41 6.233322287516077542e-43
3.203591778539264731e-03 1.347574456314875145e-41 6.202060773501120004e-43
3.234917767618521612e-03 1.296928151856441376e-41 6.172026504840260658e-43
3.266550074624544400e-03 1.248233557390612293e-41 6.143172865539922339e-43
3.298491694855322769e-03 1.201415180710088118e-41 6.115455010571411614e-43
3.330745652898058507e-03 1.156400468271893348e-41 6.088829798591135411e-43
3.363315002915573566e-03 1.113119689634451405e-41 6.063255727216775091e-43
3.396202828935493672e-03 1.071505826504765755e-41 6.038692870762412237e-43
3.429412245142288151e-03 1.031494466208073865e-41 6.015102820339082882e-43
3.462946396172165552e-03 9.930236994003339086e-42 5.992448626230950419e-43
3.496808457410822447e-03 9.560340218513270335e-42 5.970694742460636923e-43
3.531001635294136933e-03 9.204703009369433202e-42 5.949820294272158860e-43
3.565529167611783835e-03 8.863296270380224103e-42 5.930142127611703925e-43
3.600394323813839274e-03 8.535008676122095753e-42 5.911263113755278058e-43
3.635600405320344678e-03 8.219334729642621185e-42 5.893152954837034534e-43
3.671150745833934304e-03 7.915788505811481619e-42 5.875782502174400067e-43
3.707048711655519350e-03 7.623902887012158233e-42 5.859123712680250126e-43
3.743297702003021716e-03 7.343228829047311700e-42 5.843149606928355997e-43
3.779901149333262343e-03 7.073334656042311469e-42 5.827834228809342152e-43
3.816862519666997227e-03 6.813805383182534086e-42 5.813152606716918331e-43
3.854185312917092834e-03 6.564242066167506183e-42 5.799080716206258371e-43
3.891873063219954132e-03 6.324261176310145284e-42 5.785595444068730955e-43
3.929929339270167056e-03 6.093494000254306072e-42 5.772674553769287888e-43
3.968357744658439559e-03 5.871586063324939024e-42 5.760296652194717709e-43
4.007161918212802203e-03 5.658196575566407038e-42 5.748441157663212285e-43
4.046345534343190158e-03 5.453164898311986660e-42 5.737263968200794245e-43
4.085912303389384499e-03 5.256217344729636418e-42 5.726809795187316303e-43
4.125865971972325803e-03 5.066815482917289363e-42 5.716819385285257913e-43
4.166210323348897189e-03 4.884669718272973026e-42 5.707275202958357256e-43
4.206949177770179411e-03 4.709501600273836939e-42 5.698160376565976749e-43
4.248086392843170196e-03 4.541043390734589372e-42 5.689458673228273840e-43
4.289625863896076238e-03 4.379037648952192166e-42 5.681154474642971809e-43
4.331571524347164852e-03 4.223236833067484377e-42 5.673232753817714733e-43
4.373927346077236857e-03 4.073402917000955290e-42 5.665679052683317852e-43
4.416697339805704219e-03 3.929307022346219877e-42 5.658479460554566723e-43
4.459885555470380868e-03 3.790729064629153408e-42 5.651620593406485076e-43
4.503496082610989291e-03 3.657457413364877951e-42 5.645089573935198846e-43
4.547533050756378571e-03 3.529404748162176963e-42 5.639059641893262880e-43
4.592000629815570084e-03 3.406417125930003112e-42 5.633607466709273808e-43
4.636903030472602251e-03 3.288129253376417942e-42 5.628446488563130324e-43
4.682244504585263666e-03 3.174361277489906344e-42 5.623565740708216402e-43
4.728029345587679046e-03 3.064940231727611241e-42 5.618954670747126789e-43
4.774261888896871170e-03 2.959699770854646668e-42 5.614603124977115091e-43
4.820946512323301403e-03 2.858479916070464135e-42 5.610501333327036169e-43
4.868087636485381002e-03 2.761126810018669767e-42 5.606639894863333803e-43
4.915689725228080710e-03 2.667492481292548618e-42 5.603009763843675206e-43
4.963757286045626486e-03 2.577434618064278293e-42 5.599602236297457672e-43
5.012294870508296994e-03 2.490816350480586122e-42 5.596408937113325489e-43
5.061307074693428658e-03 2.407646790942417520e-42 5.593748814521347715e-43
5.110798539620619620e-03 2.327724523941905444e-42 5.591467681032924506e-43
5.160773951691209789e-03 2.250848041703853691e-42 5.589377087205000573e-43
5.211238043132013567e-03 2.176901022860153190e-42 5.587469903319360949e-43
5.262195592443429278e-03 2.105771579428848406e-42 5.585739268429047068e-43
5.313651424851945256e-03 2.037352086995601185e-42 5.584178580227415346e-43
5.365610412767006163e-03 1.971539021438557867e-42 5.582781485299052715e-43
5.418077476242405197e-03 1.908232801941914214e-42 5.581541869738161911e-43
5.471057583442189183e-03 1.847337640053806467e-42 5.580453850120607587e-43
5.524555751111061806e-03 1.788761394553794081e-42 5.579511764816226151e-43
5.578577045049448908e-03 1.732572207458200716e-42 5.579215012999998777e-43
5.633126580593174684e-03 1.678534208036635416e-42 5.579106480633269017e-43
5.688209523097857191e-03 1.626548989756693308e-42 5.579128106736164518e-43
5.743831088427993684e-03 1.576538244151924835e-42 5.579275073506874053e-43
5.799996543450866744e-03 1.528426633898974528e-42 5.579542744325997952e-43
5.856711206535292029e-03 1.482141679529121782e-42 5.579926656944569132e-43
5.913980448055185073e-03 1.437613650479411970e-42 5.580422516928224991e-43
5.971809690898100681e-03 1.394775460315768191e-42 5.581026191347835392e-43
6.030204410978758783e-03 1.353563988214073106e-42 5.581739567676949349e-43
6.089170137757518586e-03 1.314057785899370983e-42 5.583156937004470203e-43
6.148712454764002251e-03 1.276046721877531475e-42 5.584670895632152789e-43
6.208837000125789173e-03 1.239473788910662180e-42 5.586277928616247572e-43
6.269549467102318759e-03 1.204284133104083025e-42 5.587974652871824562e-43
6.330855604623960957e-03 1.170424972130961834e-42 5.589757812229129528e-43
6.392761217836401104e-03 1.137845516574072863e-42 5.591624272675314773e-43
6.455272168650357315e-03 1.106496894265155468e-42 5.593571017774557972e-43
6.518394376296613932e-03 1.076332077507011935e-42 5.595595144259860557e-43
6.582133817886542775e-03 1.047408017847205477e-42 5.598240127139917740e-43
6.646496528978073151e-03 1.019594871745878319e-42 5.601074764725428197e-43
6.711488604147227734e-03 9.928285724801491192e-43 5.603979327792046530e-43
6.777116197565187863e-03 9.670691514800905106e-43 5.606951348505598144e-43
6.843385523581060025e-03 9.422781421101839396e-43 5.609988451396010452e-43
6.910302857310333079e-03 9.184185228686227791e-43 5.613088349905000657e-43
6.977874535229044474e-03 8.954546627416340428e-43 5.616248843062822305e-43
7.046106955773799412e-03 8.733792179157642818e-43 5.619641213842410002e-43
7.115006579947675061e-03 8.522135886317156207e-43 5.623635739201159886e-43
7.184579931931969927e-03 8.318394535712511731e-43 5.627685683740553904e-43
7.254833599704022147e-03 8.122265295070059312e-43 5.631789178320503269e-43
7.325774235661010846e-03 7.933456650873791346e-43 5.635944423623037504e-43
7.397408557249913162e-03 7.751687982039756023e-43 5.640149687551268852e-43
7.469743347603538877e-03 7.576689149703700007e-43 5.644403302725218268e-43
7.542785456182859484e-03 7.408383637302630169e-43 5.648843608136892948e-43
7.616541799425607419e-03 7.247144734735176080e-43 5.653965325271586564e-43
7.691019361401162796e-03 7.091881665898523275e-43 5.659132068963291622e-43
7.766225194471899386e-03 6.942364788939256547e-43 5.664342425115794741e-43
7.842166419961008050e-03 6.798372992522451914e-43 5.669595032410075581e-43
7.918850228826773349e-03 6.659693375956751907e-43 5.674888580345339862e-43
7.996283882343526231e-03 6.526120941372392711e-43 5.680221807352824033e-43
8.074474712789204284e-03 6.397996905692372480e-43 5.686072174586802402e-43
8.153430124139689553e-03 6.274964223762188561e-43 5.692316805718681026e-43
8.233157592769844990e-03 6.156433707665339522e-43 5.698599330921072965e-43
8.313664668161488067e-03 6.042231015713854046e-43 5.704918682581669626e-43
8.394958973618287662e-03 5.932188236960344075e-43 5.711273832984621886e-43
8.477048206987563422e-03 5.826143651337809219e-43 5.717663792835583921e-43
8.559940141389249524e-03 5.724269078848495079e-43 5.724415198228229570e-43
8.643642625951911823e-03 5.626632894462132578e-43 5.731767948062866722e-43
8.728163586556031764e-03 5.532515278140602379e-43 5.739154926275007106e-43
8.813511026584463365e-03 5.441778633860521440e-43 5.746575298652189182e-43
8.899693027680302682e-03 5.354290402988588634e-43 5.754028262303138051e-43
8.986717750512187089e-03 5.269922877596784274e-43 5.761513044505000162e-43
9.074593435546972342e-03 5.188994034234776637e-43 5.769519253955894007e-43
9.163328403830059768e-03 5.111344420619661414e-43 5.778024474278664703e-43
9.252931057773361445e-03 5.036434976917905964e-43 5.786562040563160917e-43
9.343409881950866941e-03 4.964156973886355371e-43 5.795131305094307859e-43
9.434773443902104775e-03 4.894405630336042736e-43 5.803731644751847982e-43
9.527030394943384120e-03 4.827079968090749931e-43 5.812362460109722317e-43
9.620189470987042246e-03 4.762897157146447665e-43 5.822018775605642997e-43
9.714259493368598841e-03 4.700948955133381866e-43 5.831734076440296951e-43
9.809249369682080874e-03 4.641124167880044175e-43 5.841481435532398058e-43
9.905168094623533620e-03 4.583336748923811547e-43 5.851260355530624545e-43
1.000202475084266580e-02 4.527503749859517195e-43 5.861070358408836086e-43
1.009982850980293591e-02 4.474141471958367194e-43 5.871693498998448059e-43
1.019858863265003281e-02 4.422792972303098420e-43 5.882655784254474118e-43
1.029831447108876807e-02 4.373149212945734951e-43 5.893651704400188164e-43
1.039901546826863150e-02 4.325139459937634223e-43 5.904680869258032424e-43
1.050070115967796126e-02 4.278695506338458405e-43 5.915742904424448685e-43
1.060338117404690736e-02 4.234346478927542771e-43 5.927670248018212013e-43
1.070706523425912424e-02 4.191651154531684379e-43 5.939957853080187900e-43
1.081176315827247353e-02 4.150315186344874965e-43 5.952281882695007347e-43
1.091748486004873002e-02 4.110280366442242894e-43 5.964642039800401237e-43
1.102424035049227695e-02 4.071490553036603432e-43 5.977038040230528359e-43
1.113203973839810117e-02 4.034679878955814295e-43 5.990640040701877318e-43
1.124089323140897538e-02 3.999032734224194626e-43 6.004340996007889593e-43
1.135081113698207904e-02 3.964459724746177733e-43 6.018082406013268685e-43
1.146180386336495723e-02 3.930912908370648161e-43 6.031864056716479074e-43
1.157388192058112289e-02 3.898678696767764103e-43 6.046201641226420258e-43
1.168705592142529025e-02 3.867876725837451553e-43 6.061368589902448883e-43
1.180133658246825673e-02 3.837954095174000231e-43 6.076581468047902817e-43
1.191673472507168152e-02 3.808869857195569779e-43 6.091840129257344688e-43
1.203326127641283182e-02 3.780613484099580949e-43 6.107191236591834787e-43
1.215092727051919445e-02 3.753934567725333468e-43 6.123921030817452179e-43
1.226974384931336752e-02 3.727967821873298275e-43 6.140703473322536980e-43
1.238972226366806019e-02 3.702678282872371756e-43 6.157538485034091664e-43
1.251087387447151478e-02 3.678032230805040583e-43 6.174425994644693016e-43
1.263321015370319662e-02 3.654728282199210983e-43 6.192604771802474037e-43
1.275674268552012998e-02 3.632123796573151701e-43 6.211063695498955641e-43
1.288148316735385213e-02 3.610058248503565941e-43 6.229583337647524994e-43
1.300744341101798054e-02 3.588502894614365360e-43 6.248163695363900341e-43
1.313463534382672271e-02 3.568156787447445665e-43 6.268081430810208700e-43
1.326307100972432852e-02 3.548408290207691093e-43 6.288333671531252844e-43
1.339276257042546284e-02 3.529080298682776174e-43 6.308656285019036571e-43
1.352372230656686755e-02 3.510148388449416001e-43 6.329049341650640519e-43
1.365596261887020053e-02 3.492447465047155277e-43 6.351073948144569442e-43
1.378949602931632545e-02 3.475124796652467524e-43 6.373247537341063626e-43
1.392433518233095538e-02 3.458121512886395162e-43 6.395502825955122437e-43
1.406049284598200576e-02 3.441627716948676118e-43 6.418232964182816893e-43
1.419798191318865331e-02 3.426116081503449110e-43 6.442373950644917008e-43
1.433681540294210952e-02 3.410856009462011705e-43 6.466609593962591155e-43
1.447700646153842960e-02 3.395829484464846826e-43 6.490940131565894290e-43
1.461856836382340909e-02 3.381611732216822322e-43 6.516507536610661112e-43
1.476151451444949157e-02 3.367934339966946478e-43 6.542850479993355656e-43
1.490585844914514048e-02 3.354433258603237802e-43 6.569303266564331348e-43
1.505161383599651521e-02 3.341241993410836601e-43 6.596159187722243780e-43
1.519879447674177958e-02 3.329010003019696696e-43 6.624746275309907503e-43
1.534741430807791580e-02 3.316904536660290296e-43 6.653460277448884600e-43
1.549748740298044491e-02 3.304912930381340831e-43 6.682301654601298650e-43
1.564902797203606213e-02 3.293803834936864683e-43 6.712861816707774048e-43
1.580205036478816646e-02 3.282985782968399675e-43 6.743987361245597179e-43
1.595656907109568173e-02 3.272240990175179127e-43 6.775259858672935360e-43
1.611259872250509970e-02 3.262101447169599382e-43 6.807810744955170866e-43
1.627015409363601409e-02 3.252483519870287269e-43 6.841510926248538702e-43
1.642925010358005367e-02 3.242905007670998185e-43 6.875380308517915504e-43
1.658990181731363062e-02 3.233751831503048018e-43 6.910261019212239196e-43
1.675212444712451468e-02 3.225267334609308139e-43 6.946713292337876152e-43
1.691593335405220180e-02 3.216795095241265787e-43 6.983360003476770003e-43
1.708134404934250408e-02 3.208667189470961334e-43 7.020941289280332504e-43
1.724837219591640256e-02 3.201270130017943372e-43 7.060339275801558698e-43
1.741703360985306578e-02 3.193864929215532918e-43 7.099960288028448201e-43
1.758734426188755806e-02 3.186824070358736815e-43 7.140648245963540797e-43
1.775932027892311235e-02 3.180489712276538929e-43 7.183203783518400037e-43
1.793297794555824901e-02 3.174133795942273113e-43 7.226014696404941909e-43
1.810833370562869166e-02 3.168265933645397976e-43 7.270255091546432011e-43
1.828540416376450359e-02 3.162991841613548725e-43 7.316200563920677952e-43
1.846420608696245150e-02 3.157690142364409912e-43 7.362437991801083475e-43
1.864475640617357585e-02 3.153107287750243316e-43 7.410721298095403042e-43
1.882707221790646743e-02 3.148914909193758300e-43 7.460312288863092761e-43
1.901117078584620146e-02 3.144696806062801727e-43 7.510236580940445118e-43
1.919706954248894676e-02 3.141539598604607779e-43 7.563103851807858779e-43
1.938478609079274592e-02 3.138476446723000903e-43 7.616622172250231774e-43
1.957433820584430703e-02 3.135693349305211269e-43 7.671242714092579226e-43
1.976574383654224054e-02 3.133839210120568830e-43 7.728570217972097367e-43
1.995902110729654011e-02 3.131981725774962753e-43 7.786327369069557861e-43
2.015418831974485209e-02 3.130944740952584528e-43 7.846560858766214636e-43
2.035126395448554407e-02 3.130377575518334451e-43 7.908413304487770693e-43
2.055026667282753086e-02 3.129975760828500589e-43 7.971113523003078065e-43
2.075121531855740262e-02 3.130780201569580745e-43 8.037315695584810309e-43
2.095412891972381689e-02 3.131634165360404950e-43 8.104068753828042346e-43
2.115902669043915468e-02 3.133410722341982298e-43 8.173616953836997124e-43
2.136592803269903029e-02 3.135762345197605519e-43 8.245063212207027048e-43
2.157485253821942589e-02 3.138519690402254538e-43 8.317949103681656211e-43
2.178581999029195054e-02 3.142485105555387969e-43 8.394392561853254697e-43
2.199885036565700502e-02 3.146591133046048000e-43 8.471539460847492326e-43
2.221396383639546654e-02 3.152102761056058461e-43 8.552768778792355965e-43
2.243118077183887948e-02 3.158006249776641103e-43 8.635328789079446785e-43
2.265052174049810713e-02 3.164954196665933612e-43 8.720967195054693461e-43
2.287200751201108606e-02 3.172816832218496020e-43 8.809307176216338697e-43
2.309565905910946140e-02 3.181421555131531253e-43 8.899833415864168022e-43
2.332149755960463700e-02 3.191427632277332976e-43 8.994352334489746321e-43
2.354954439839297350e-02 3.201935645326089825e-43 9.090291138306807971e-43
2.377982116948080052e-02 3.214294941169394872e-43 9.191423664898280206e-43
2.401234967802928777e-02 3.227097125553785710e-43 9.293682029191168101e-43
2.424715194241901239e-02 3.241933242304335821e-43 9.401571548503215893e-43
2.448425019633500982e-02 3.257428303947849769e-43 9.511052991331700754e-43
2.472366689087216254e-02 3.274922877215660233e-43 9.625947866941580026e-43
2.496542469666097538e-02 3.293397521114785872e-43 9.743186504831263054e-43
2.520954650601438252e-02 3.313918878703241428e-43 9.865817925435138417e-43
2.545605543509538854e-02 3.335698658048208214e-43 9.991399141305156519e-43
2.570497482610608134e-02 3.359661150340165494e-43 1.012257397811868272e-42
2.595632824949775305e-02 3.385115685182079637e-43 1.025714046268262228e-42
2.621013950620291674e-02 3.412986200519178201e-43 1.039775058623271618e-42
2.646643262988910075e-02 3.442535154988906337e-43 1.054200917359809492e-42
2.672523188923447285e-02 3.474840672880808177e-43 1.069304207525739207e-42
2.698656179022594984e-02 3.508960603587727248e-43 1.084777148811292214e-42
2.725044707847977185e-02 3.546296953952811820e-43 1.101032239812648665e-42
2.751691274158453090e-02 3.585529159329545237e-43 1.117638203591919768e-42
2.778598401146738922e-02 3.628571183874561868e-43 1.135166775904704983e-42
2.805768636678324796e-02 3.673781525007723067e-43 1.153079492879963071e-42
2.833204553532747694e-02 3.723044047965298827e-43 1.171938240703626102e-42
2.860908749647193480e-02 3.775143505593709264e-43 1.191330637436814517e-42
2.888883848362506016e-02 3.831284786428968221e-43 1.211602807100959230e-42
2.917132498671603721e-02 3.890617804585012503e-43 1.232449848554381021e-42
2.945657375470298045e-02 3.954720074918699851e-43 1.254331939535699268e-42
2.974461179810593964e-02 4.023124083170002231e-43 1.277058977718633050e-42
3.003546639156449288e-02 4.096485938498312819e-43 1.300793462404592235e-42
3.032916507642054518e-02 4.174556768772966080e-43 1.325407005564035614e-42
3.062573566332605149e-02 4.258211032794041804e-43 1.351123969844056279e-42
3.092520623487652817e-02 4.347518984813776168e-43 1.377909148926204402e-42
3.122760514827033901e-02 4.442849291088574438e-43 1.405817595092193671e-42
3.153296103799366201e-02 4.544997405754341646e-43 1.435034310561662394e-42
3.184130281853201488e-02 4.653614794274601904e-43 1.465377548882115846e-42
3.215265968710831479e-02 4.769934251899973895e-43 1.497159103728790429e-42
3.246706112644737879e-02 4.894233171792022768e-43 1.530382773949407468e-42
3.278453690756781558e-02 5.026688371942763534e-43 1.565015408173740336e-42
3.310511709260102048e-02 5.168562329518655057e-43 1.601355307995601685e-42
3.342883203763790528e-02 5.319897586585423239e-43 1.639313001256108715e-42
3.375571239560316850e-02 5.481456600836455325e-43 1.679015320338403130e-42
3.408578911915793180e-02 5.654524308399773645e-43 1.720738853042953809e-42
3.441909346363080519e-02 5.839042424545948452e-43 1.764340256162813579e-42
3.475565698997727659e-02 6.036200564297164821e-43 1.810047686039146437e-42
3.509551156776835601e-02 6.247448992633308285e-43 1.858153049460954763e-42
3.543868937820843917e-02 6.472890981483550477e-43 1.908534067401661858e-42
3.578522291718239101e-02 6.713712952280435893e-43 1.961381725409208684e-42
3.613514499833272303e-02 6.971818995350333717e-43 2.017080371100761492e-42
3.648848875616671900e-02 7.247987024417757480e-43 2.075669059177408521e-42
3.684528764919408478e-02 7.542505096208936682e-43 2.137038355407560457e-42
3.720557546309500446e-02 7.858258378307883622e-43 2.201803732782533729e-42
3.756938631391939371e-02 8.196881115852767639e-43 2.270199169520171502e-42
3.793675465131754465e-02 8.558335137777873921e-43 2.341981766932634668e-42
3.830771526180195424e-02 8.945149852472362808e-43 2.417606550802091477e-42
3.868230327204144614e-02 9.360077606082206989e-43 2.497558532262162891e-42
3.906055415218730176e-02 9.805270546444850713e-43 2.582132487749773429e-42
3.944250371923207349e-02 1.028063105241327075e-42 2.671015689227475236e-42
3.982818814040097605e-02 1.078966955964744967e-42 2.764830322181828601e-42
4.021764393657663306e-02 1.133582869464326327e-42 2.864142099790389544e-42
4.061090798575746341e-02 1.192187835267170462e-42 2.969312194149058521e-42
4.100801752654944371e-02 1.254996772757063796e-42 3.080523951046421051e-42
4.140901016169237087e-02 1.322028372466059937e-42 3.197471775783371969e-42
4.181392386162065267e-02 1.393916220095072812e-42 3.321331387770857125e-42
4.222279696805852217e-02 1.470999900054284310e-42 3.452518983807527109e-42
4.263566819765080007e-02 1.553633862777863305e-42 3.591460839657032447e-42
4.305257664562897602e-02 1.642185221784118903e-42 3.738588915014353130e-42
4.347356178951330280e-02 1.736639113275238490e-42 3.893457389297449537e-42
4.389866349285073688e-02 1.837520673154866766e-42 4.056847186721051165e-42
4.432792200898978685e-02 1.945369932572983361e-42 4.229535387645901206e-42
4.476137798489227687e-02 2.060552425874010789e-42 4.411892049856806441e-42
4.519907246498197639e-02 2.183415598808462388e-42 4.604243488829261680e-42
4.564104689503129669e-02 2.314276731194084065e-42 4.806854329064342606e-42
4.608734312608595701e-02 2.453408004628598921e-42 5.019905845533333064e-42
4.653800341842763422e-02 2.601018444013739758e-42 5.243470416947333872e-42
4.699307044557582413e-02 2.756699377460409980e-42 5.476422875587777712e-42
4.745258729832854683e-02 2.920914475186879946e-42 5.719449329472896772e-42
4.791659748884286724e-02 3.094135206072180927e-42 5.973255483171596072e-42
4.838514495475478017e-02 3.275072066637706746e-42 6.235203509368844528e-42
4.885827406333990292e-02 3.463667518319401971e-42 6.505165255369240519e-42
4.933602961571480205e-02 3.659212049283637282e-42 6.781866866328444897e-42
4.981845685107892663e-02 3.860730029703204414e-42 7.063672561014098921e-42
5.030560145099856328e-02 4.066949002468895791e-42 7.348553176551138349e-42
5.079750954373257743e-02 4.276275358546046980e-42 7.634065775426611214e-42
5.129422770860006531e-02 4.486780369142456848e-42 7.917349598307515277e-42
5.179580298039120761e-02 4.696200861886500787e-42 8.195143740770645254e-42
5.230228285382093611e-02 4.900052552658068387e-42 8.460540173502974118e-42
5.281371528802647486e-02 5.098929500594448155e-42 8.715628668207609041e-42
5.333014871110831889e-02 5.288583309907837676e-42 8.954238665386406415e-42
5.385163202471611454e-02 5.465573961383547926e-42 9.171792925817419798e-42
5.437821460867935802e-02 5.626769523526943516e-42 9.364369799240148580e-42
5.490994632568291928e-02 5.769178673860291287e-42 9.528366230535750918e-42
5.544687752598879277e-02 5.890088223793543500e-42 9.660676894111990377e-42
5.598905905220372820e-02 5.987196160355694222e-42 9.758858912209564337e-42
5.653654224409377510e-02 6.058345420724733620e-42 9.820646011586682225e-42
5.708937894344539438e-02 6.101186550122384551e-42 9.843366511751353592e-42
5.764762149897454530e-02 6.116784848989999198e-42 9.829714168836631515e-42
5.821132277128385213e-02 6.105403127952114680e-42 9.780870261279921986e-42
5.878053613786766302e-02 6.067947023982312055e-42 9.698836452563209335e-42
5.935531549816659702e-02 6.005892588600533948e-42 9.586308571480526256e-42
5.993571527867153775e-02 5.921186516583828966e-42 9.446520032668913310e-42
6.052179043807696945e-02 5.816129781415273253e-42 9.283070479658448170e-42
6.111359647248531396e-02 5.691486572590916853e-42 9.096926978458602492e-42
6.171118942066178975e-02 5.551899316272949865e-42 8.895096104689373088e-42
6.231462586934105596e-02 5.400139784431331002e-42 8.681489301454842692e-42
6.292396295858507238e-02 5.238783121570068888e-42 8.459625593100047711e-42
6.353925838719395869e-02 5.070110359756160596e-42 8.232502304527280331e-42
6.416057041816973505e-02 4.895576659170787628e-42 8.001746609903566667e-42
6.478795788423295787e-02 4.718391507807574632e-42 7.771846598603087388e-42
6.542148019339379117e-02 4.540260777327755147e-42 7.544885093428787971e-42
6.606119733457765930e-02 4.362518500180747192e-42 7.322370796318845399e-42
6.670716988330528674e-02 4.186303169657420423e-42 7.105531913326860791e-42
6.735945900742883186e-02 4.013094074084265534e-42 6.896240787440620372e-42
6.801812647292393432e-02 3.843678385708494735e-42 6.695275776737779071e-42
6.868323464973855041e-02 3.678708710542084930e-42 6.503248659716002331e-42
6.935484651769853459e-02 3.518798108582926203e-42 6.320772725167885904e-42
7.003302567247138288e-02 3.364288239305778028e-42 6.148047403524980519e-42
7.071783633158841564e-02 3.215727554030959801e-42 5.985716987945461487e-42
7.140934334052523313e-02 3.073045224348063960e-42 5.833348678153042596e-42
7.210761217884215091e-02 2.936521715604460494e-42 5.691205042888585346e-42
7.281270896638475376e-02 2.806322831107126376e-42 5.559392831214456927e-42
7.352470046954448502e-02 2.682157068270126333e-42 5.437149085860298397e-42
7.424365410758106132e-02 2.564630968060314947e-42 5.325546003387316743e-42
7.496963795900632443e-02 2.453089003998638819e-42 5.223115855152055070e-42
7.570272076803100103e-02 2.348016913531051608e-42 5.130765851938679076e-42
7.644297195107373211e-02 2.249002682878357065e-42 5.047513488888521197e-42
7.719046160333434270e-02 2.156335976863373612e-42 4.973905357028027598e-42
7.794526050543157392e-02 2.069735240955830899e-42 4.909206474091056657e-42
7.870744013010479156e-02 1.989476297524812028e-42 4.853958201809098405e-42
7.947707264898222490e-02 1.915262077900157691e-42 4.807318150328996467e-42
8.025423093941476405e-02 1.847539682290928163e-42 4.770246311659372446e-42
8.103898859137717570e-02 1.785893236960467622e-42 4.741490000804018039e-42
8.183141991443586283e-02 1.730992852039059450e-42 4.722570161913492862e-42
8.263159994478559700e-02 1.682495898321312009e-42 4.712279832707702966e-42
8.343960445235505674e-02 1.640803078144662413e-42 4.711340744235599865e-42
8.425550994798100546e-02 1.606190469913967555e-42 4.720093037582138665e-42
8.507939369065348201e-02 1.578697800776815979e-42 4.738090171688908539e-42
8.591133369483176796e-02 1.558942724076792239e-42 4.766494548860232587e-42
8.675140873783120099e-02 1.547169315380985997e-42 4.805254929455624054e-42
8.759969836728295767e-02 1.543733224432420014e-42 4.854510393966533062e-42
8.845628290866637544e-02 1.549321999134357345e-42 4.915295486447954756e-42
8.932124347291539590e-02 1.564538439148746262e-42 4.988228774491145934e-42
9.019466196409854641e-02 1.589934637910334722e-42 5.073582068711910627e-42
9.107662108717475002e-02 1.626311283074233735e-42 5.172221053065976095e-42
9.196720435582507458e-02 1.674667318816814805e-42 5.285427034021167579e-42
9.286649610036011582e-02 1.735883821816924100e-42 5.413871136955624342e-42
9.377458147570566505e-02 1.811166710912834149e-42 5.558996317000941368e-42
9.469154646946639775e-02 1.901715596635357888e-42 5.721954572246939413e-42
9.561747791006752761e-02 2.008911147302775507e-42 5.904180331694546136e-42
9.655246347497709047e-02 2.134290391799345428e-42 6.107295508316585585e-42
9.749659169900806721e-02 2.279491931430309106e-42 6.332946372765373614e-42
9.844995198270216352e-02 2.446351559560229258e-42 6.583082710260863495e-42
9.941263460079467762e-02 2.636785003869620405e-42 6.859644254784653657e-42
1.003847307107630510e-01 2.852846796091728314e-42 7.164762019343817493e-42
1.013663323614589218e-01 3.096661365116971235e-42 7.500628743758586087e-42
1.023575325018237503e-01 3.370363300247539057e-42 7.869435240489715716e-42
1.033584249896906809e-01 3.676008761315786787e-42 8.273276910635770501e-42
1.043691046006717665e-01 4.015449646298359200e-42 8.714021831493316618e-42
1.053896670371328725e-01 4.390161323944520881e-42 9.193131058649006437e-42
1.064202089372552062e-01 4.801014923590322833e-42 9.711422019252300666e-42
1.074608278841863301e-01 5.247987362785641428e-42 1.026876827941307484e-41
1.085116224152808118e-01 5.729807533795221760e-42 1.086373440137503505e-41
1.095726920314301772e-01 6.242963130857537113e-42 1.149208014841554096e-41
1.106441372064850548e-01 6.782452367381514829e-42 1.214858950506946947e-41
1.117260593967695365e-01 7.340720696678780293e-42 1.282535580267945834e-41
1.128185610506874520e-01 7.907252620848789464e-42 1.351132624689486924e-41
1.139217456184238586e-01 8.468566278536669969e-42 1.419241274976153354e-41
1.150357175617405109e-01 9.008091601046048724e-42 1.485119044307598471e-41
1.161605823638680451e-01 9.504608387378596911e-42 1.546404389621503429e-41
1.172964465394935318e-01 9.941029070976027328e-42 1.601488173457024547e-41
1.184434176448468101e-01 1.029855386855055892e-41 1.648449103597268436e-41
1.196016042878855073e-01 1.055939239481687421e-41 1.685404446799903160e-41
1.207711161385784937e-01 1.070992710262682101e-41 1.710912083190255958e-41
1.219520639392910610e-01 1.074389954629753419e-41 1.724389243021244334e-41
1.231445595152715483e-01 1.066223415833799150e-41 1.726038830285364172e-41
1.243487157852394692e-01 1.047152642934317874e-41 1.716611568970497326e-41
1.255646467720784309e-01 1.018441395613889680e-41 1.697517202632886426e-41
1.267924676136328588e-01 9.814627284252002716e-42 1.670089314200400894e-41
1.280322945736109552e-01 9.383128029351155464e-42 1.636721362989409655e-41
1.292842450525931441e-01 8.906259961544082350e-42 1.598975092346675291e-41
1.305484375991491641e-01 8.403919197461534548e-42 1.559077139551212907e-41
1.318249919210641163e-01 7.891162780928056306e-42 1.518517545117276847e-41
1.331140288966727037e-01 7.382510664022668280e-42 1.478858337378091312e-41
1.344156705863061296e-01 6.889303547679801121e-42 1.441262127652937978e-41
1.357300402438495757e-01 6.420944355454404043e-42 1.406717803281396280e-41
1.370572623284140035e-01 5.984426361680400173e-42 1.375912173446043985e-41
1.383974625161204786e-01 5.586009890791005545e-42 1.349560061086232353e-41
1.397507677120008729e-01 5.229873559364492998e-42 1.328054173532999238e-41
1.411173060620151687e-01 4.919557232146154765e-42 1.311734789536995992e-41
1.424972069651848638e-01 4.658475982699195961e-42 1.300982450380920569e-41
1.438906010858463369e-01 4.450100844817948073e-42 1.296233721600636023e-41
1.452976203660240051e-01 4.297169182743276239e-42 1.297697838608337102e-41
1.467183980379232755e-01 4.203319470663017574e-42 1.305768084262659764e-41
1.481530686365468696e-01 4.172797183381805361e-42 1.320906136773699527e-41
1.496017680124339666e-01 4.210494492851264704e-42 1.343607833600407672e-41
1.510646333445245793e-01 4.322922953318017053e-42 1.374668120433674233e-41
1.525418031531481922e-01 4.517134458061992044e-42 1.414792436639592903e-41
1.540334173131410189e-01 4.801889802930234264e-42 1.464928257814092035e-41
1.555396170670911848e-01 5.187464731857809721e-42 1.526170374793855985e-41
1.570605450387123625e-01 5.685909400168912223e-42 1.599820146536321627e-41
1.585963452463493850e-01 6.310891064652854128e-42 1.687340685894308867e-41
1.601471631166159759e-01 7.077516578897054388e-42 1.790349239249666293e-41
1.617131454981643179e-01 8.001750893470674783e-42 1.910557411961416458e-41
1.632944406755911515e-01 9.099261832782793743e-42 2.049651242739580561e-41
1.648911983834784600e-01 1.038338949603597448e-41 2.209079063149821328e-41
1.665035698205727943e-01 1.186186744329683419e-41 2.389707261794626015e-41
1.681317076641014874e-01 1.353002199017581746e-41 2.590939132844993355e-41
1.697757660842301730e-01 1.536728514088971770e-41 2.810672384011610711e-41
1.714359007586619688e-01 1.732766784679370696e-41 3.044106274230676725e-41
1.731122688873777127e-01 1.932797967013231371e-41 3.282218855533539175e-41
1.748050292075219170e-01 2.124945134085129782e-41 3.512338810554055891e-41
1.765143420084342440e-01 2.294809815888954489e-41 3.719454095701742048e-41
1.782403691468264773e-01 2.424872256545379146e-41 3.884160901024922340e-41
1.799832740621096494e-01 2.502277817390347156e-41 3.993540103267508323e-41
1.817432217918698301e-01 2.516833520068200343e-41 4.035972211176795907e-41
1.835203789874965963e-01 2.468970160650115372e-41 4.012611901707355865e-41
1.853149139299621329e-01 2.364484427382812357e-41 3.928862792421716698e-41
1.871269965457567352e-01 2.217595330629110115e-41 3.800523000436179049e-41
1.889567984229796882e-01 2.043461955973379770e-41 3.643498402181239087e-41
1.908044928275861585e-01 1.857117688767014179e-41 3.473805330428953817e-41
1.926702547197945703e-01 1.671233929790007265e-41 3.305085307640885748e-41
1.945542607706535476e-01 1.494996818369184499e-41 3.147068057758844229e-41
1.964566893787716428e-01 1.334685320144389545e-41 3.006475420530646695e-41
1.983777206872091858e-01 1.194188751588299657e-41 2.887480956408694348e-41
2.003175366005366387e-01 1.075710181477262733e-41 2.792388604003625033e-41
2.022763208020599834e-01 9.805185693799195260e-42 2.722525534018066277e-41
2.042542587712126989e-01 9.094580757993730456e-42 2.678763178386180387e-41
2.062515378011196554e-01 8.633415487159930873e-42 2.661927786203924785e-41
2.082683470163326500e-01 8.432422179731907842e-42 2.673104260336786847e-41
2.103048773907376101e-01 8.507119827418751945e-42 2.713863521404383480e-41
2.123613217656390162e-01 8.878905576553286500e-42 2.786258096094032924e-41
2.144378748680197122e-01 9.578748423051748140e-42 2.893735333363420692e-41
2.165347333289807941e-01 1.064398760152122702e-41 3.039986135003682785e-41
2.186520957023594391e-01 1.212039129895399184e-41 3.229707684773882507e-41
2.207901624835309218e-01 1.405801358742095273e-41 3.467906179369998213e-41
2.229491361283942874e-01 1.650593788251526297e-41 3.759593618982483461e-41
2.251292210725419352e-01 1.949797396035584192e-41 4.108146565004950768e-41
2.273306237506184102e-01 2.302819429028730506e-41 4.512724830016923617e-41
2.295535526158686557e-01 2.701653371358134187e-41 4.964947264119115508e-41
2.317982181598753355e-01 3.125419285959888124e-41 5.442570594033353809e-41
2.340648329324913346e-01 3.538505260342540439e-41 5.909099246348882474e-41
2.363536115619659927e-01 3.888482127431665270e-41 6.309550812836677733e-41
2.386647707752693470e-01 4.120123814189697561e-41 6.587833564443876500e-41
2.409985294186128835e-01 4.188629793982516014e-41 6.697271916536049097e-41
2.433551084781729601e-01 4.082067184307931110e-41 6.626250981881131390e-41
2.457347311010170954e-01 3.826062542852613749e-41 6.402568924177946362e-41
2.481376226162324006e-01 3.469703336015830189e-41 6.077259336917769538e-41
2.505640105562630393e-01 3.068096481221060807e-41 5.707398793644402368e-41
2.530141246784562425e-01 2.667566971844369249e-41 5.340833556849345409e-41
2.554881969868169622e-01 2.299985446252709471e-41 5.010424924811523110e-41
2.579864617539772143e-01 1.983884963448476122e-41 4.735186930670045592e-41
2.605091555433795003e-01 1.728515392220647822e-41 4.524498144163370390e-41
2.630565172316781108e-01 1.538105901442321746e-41 4.382732062834475920e-41
2.656287880313569771e-01 1.414851834981070482e-41 4.312073929708209956e-41
2.682262115135712888e-01 1.361071163505534607e-41 4.314627220103677585e-41
2.708490336312122659e-01 1.381083758409666986e-41 4.395335777824877105e-41
2.734975027421950311e-01 1.481546377849390092e-41 4.561066720852109311e-41
2.761718696329770739e-01 1.672403865133611570e-41 4.822358493407392565e-41
2.788723875423049225e-01 1.966625482479307523e-41 5.192593708459650941e-41
2.815993121851945724e-01 2.379533123717248326e-41 5.688093843311088717e-41
2.843529017771440626e-01 2.925079823805448503e-41 6.323710626171199812e-41
2.871334170585846945e-01 3.607765866948880085e-41 7.104435989436034856e-41
2.899411213195717818e-01 4.407600880487711631e-41 8.009883041845385211e-41
2.927762804247143746e-01 5.257617277360867330e-41 8.970196609380863687e-41
2.956391628383507331e-01 6.029057855284701213e-41 9.851668853984360341e-41
2.985300396499708242e-01 6.546666037559127338e-41 1.047100447412967806e-40
3.014491845998836239e-01 6.660516884932825490e-41 1.066993124741081859e-40
3.043968741051406579e-01 6.340524731622677939e-41 1.041644146592125483e-40
3.073733872857078442e-01 5.693302203253523779e-41 9.821079341734227785e-41
3.103790059908968502e-01 4.891635556286086580e-41 9.063939030021963143e-41
3.134140148260536884e-01 4.088908418172634663e-41 8.305374122708104681e-41
3.164787011795081595e-01 3.381520621893032904e-41 7.646413590852440207e-41
3.195733552497868057e-01 2.815301203327978685e-41 7.135421372173101893e-41
3.226982700730918197e-01 2.406056120032102998e-41 6.789236460609306352e-41
3.258537415510512347e-01 2.157395824870829584e-41 6.611451087263815367e-41
3.290400684787344598e-01 2.072394972761888227e-41 6.605165763430824729e-41
3.322575525729482004e-01 2.159893917501640392e-41 6.779786937356103311e-41
3.355064985008054390e-01 2.437356432651681589e-41 7.153143219023353477e-41
3.387872139085748024e-01 2.931841987828247346e-41 7.753027995635700432e-41
3.421000094508121481e-01 3.675713278022569246e-41 8.611903063224661587e-41
3.454451988197757561e-01 4.693734713284191414e-41 9.755109466185277626e-41
3.488230987751332335e-01 5.967759230356042764e-41 1.116260924452786199e-40
3.522340291739514129e-01 7.376103120137543224e-41 1.270757904815730663e-40
3.556783130009870675e-01 8.633152468036420698e-41 1.409411322724634896e-40
3.591562763992696694e-01 9.336222969679602902e-41 1.490736213857041427e-40
3.626682487009845191e-01 9.196700499127061165e-41 1.484958911385295735e-40
3.662145624586566894e-01 8.291488075905566163e-41 1.400574677371606244e-40
3.697955534766436680e-01 6.980461746621702654e-41 1.274900829221602548e-40
3.734115608429287581e-01 5.637462695015889402e-41 1.146558067360930554e-40
3.770629269612326695e-01 4.490426009174074003e-41 1.038986493211779826e-40
3.807499975834351402e-01 3.632279918867306239e-41 9.617215728053328496e-41
3.844731218423148578e-01 3.085110990459945146e-41 9.169089138991069102e-41
3.882326522846090144e-01 2.852612876650661051e-41 9.049644015549632945e-41
3.920289449043954932e-01 2.946508362484686652e-41 9.271103832752136092e-41
3.958623591768059558e-01 3.399908610542160401e-41 9.868014162102192143e-41
3.997332580920595069e-01 4.270071692220635678e-41 1.089975423829947321e-40
4.036420081898384193e-01 5.625887960243354148e-41 1.243881541076223104e-40
4.075889795939949822e-01 7.494494982532218933e-41 1.451488230143592914e-40
4.115745460475992434e-01 9.727736300693923403e-41 1.697588781528765232e-40
4.155990849483288119e-01 1.180859829773943057e-40 1.928632334527425851e-40
4.196629773842044941e-01 1.287929513736954087e-40 2.055475766142067083e-40
4.237666081696792042e-01 1.236076772129847166e-40 2.017621138627615083e-40
4.279103658820715417e-01 1.057477663407684981e-40 1.848045905153874961e-40
4.320946428983635790e-01 8.374331817221847556e-41 1.635089409302577757e-40
4.363198354323552519e-01 6.418375813781297705e-41 1.447333816579792721e-40
4.405863435721816268e-01 4.982451908172365362e-41 1.313546261006821341e-40
4.448945713181973183e-01 4.124444231571528855e-41 1.239878476972493084e-40
4.492449266212349412e-01 3.844139603179260621e-41 1.226347371748652307e-40
4.536378214212293258e-01 4.163376409514696902e-41 1.275088435668497406e-40
4.580736716862280344e-01 5.157401818215904752e-41 1.393993692980159394e-40
4.625528974517787439e-01 6.944812217763753722e-41 1.595268550514339538e-40
4.670759228607032076e-01 9.595246527712226532e-41 1.885544590226780006e-40
4.716431762032596842e-01 1.286064671026564818e-40 2.239022270285811444e-40
4.762550899576971086e-01 1.573365275485839000e-40 2.551370202215484567e-40
4.809121008312109979e-01 1.662171115922623982e-40 2.658381505744036422e-40
4.856146498012898216e-01 1.491949144064784715e-40 2.498483650797846837e-40
4.903631821574754857e-01 1.180185653069371709e-40 2.193335689421159793e-40
4.951581475435274382e-01 8.764842119637787160e-41 1.898277416488327258e-40
5e-01 6.520626803916550485e-41 1.685998889366396726e-40
